3.199174406604746945e+00 4.432989690721649723e+00 4.375000000000000000e+00 3.008298755186721962e+00 3.441084462982272996e+00 3.067484662576687171e+00 2.208201892744479533e+00 2.572016460905349966e+00 1.987447698744769786e+00 1.851851851851851860e+00 2.572016460905349966e+00 1.875000000000000000e+00 1.981230448383733078e+00 1.778242677824267703e+00 1.783840503672612821e+00 1.369863013698630061e+00 1.243523316062176143e+00 1.256544502617801040e+00 1.365546218487394992e+00 1.029866117404737436e+00
4.241781548250265210e+00 5.613305613305612951e+00 4.016477857878475888e+00 3.023983315954118734e+00 3.757828810020876986e+00 2.792140641158221470e+00 3.125000000000000000e+00 2.487046632124352286e+00 2.809573361082206233e+00 2.059732234809474871e+00 3.490759753593429160e+00 1.975051975051975051e+00 1.560874089490114525e+00 1.449275362318840576e+00 1.966873706004140798e+00 1.446280991735537258e+00 1.740020470829068522e+00 1.954732510288065939e+00 1.150627615062761455e+00 1.148225469728601178e+00
4.895833333333333037e+00 3.462749213011542704e+00 4.712041884816754234e+00 3.773584905660377409e+00 4.058272632674297498e+00 3.913491246138002033e+00 3.586497890295358815e+00 3.638253638253638123e+00 3.416149068322981375e+00 3.209109730848861197e+00 2.286902286902286807e+00 2.471678681771369845e+00 2.980472764645426320e+00 2.590673575129533557e+00 2.176165803108808472e+00 1.565762004175365263e+00 1.869158878504672883e+00 1.455301455301455382e+00 2.087682672233820647e+00 1.251303441084463008e+00
5.312500000000000000e+00 6.145833333333333037e+00 4.692387904066736226e+00 4.075235109717868731e+00 4.597701149425287070e+00 3.653444676409185909e+00 3.102378490175801584e+00 3.402061855670102997e+00 4.253112033195020736e+00 4.024767801857585425e+00 3.890641430073606521e+00 3.023983315954118734e+00 3.252885624344176385e+00 3.285420944558521406e+00 3.490759753593429160e+00 2.363823227132579863e+00 2.772073921971252464e+00 1.338825952626158555e+00 1.551189245087900792e+00 1.946721311475409832e+00
4.149377593360996208e+00 4.416403785488959066e+00 4.677754677754677459e+00 4.054054054054054390e+00 5.174234424498416196e+00 4.248704663212435229e+00 3.426791277258566915e+00 3.305785123966942241e+00 3.649635036496350349e+00 2.272727272727272929e+00 2.713987473903966663e+00 4.028925619834710758e+00 3.319502074688796878e+00 2.711157455683002926e+00 3.209109730848861197e+00 2.995867768595041447e+00 2.489626556016597547e+00 2.254098360655737654e+00 2.277432712215321065e+00 1.323828920570264689e+00
4.266389177939646338e+00 5.104166666666666963e+00 5.056759545923632970e+00 4.855371900826446208e+00 5.925155925155925374e+00 6.029106029106029219e+00 5.405405405405405261e+00 3.933747412008281596e+00 5.882352941176471006e+00 4.024767801857585425e+00 3.711340206185567148e+00 3.112033195020746934e+00 2.883625128733264820e+00 4.727646454265159726e+00 2.789256198347107585e+00 3.423236514522821405e+00 2.812500000000000000e+00 2.158273381294963933e+00 1.543209876543209846e+00 1.842374616171954971e+00
4.878048780487804770e+00 4.179728317659352044e+00 6.139438085327783234e+00 5.077720207253886286e+00 5.807814149947201798e+00 6.340956340956340753e+00 4.916317991631799167e+00 4.158004158004158235e+00 4.488517745302713635e+00 5.318039624608967841e+00 4.583333333333333037e+00 4.126984126984127421e+00 4.612159329140460784e+00 3.905447070914696894e+00 4.564315352697095207e+00 3.374233128834355888e+00 3.589743589743589869e+00 2.685950413223140654e+00 2.469135802469135665e+00 1.832993890020366612e+00
4.162330905306971474e+00 5.090137857900318252e+00 4.680851063829787329e+00 7.142857142857143238e+00 5.759162303664921545e+00 4.702194357366771271e+00 5.230125523012552513e+00 5.735140771637121659e+00 5.192107995846313884e+00 5.648535564853556679e+00 6.521739130434782261e+00 5.104166666666666963e+00 4.721930745015740172e+00 4.275286757038581520e+00 3.726708074534161419e+00 3.416149068322981375e+00 3.405572755417956454e+00 2.674897119341563823e+00 3.501544799176107059e+00 1.629327902240325976e+00
5.186721991701245038e+00 5.175983436853002218e+00 6.158663883089769975e+00 5.388601036269429656e+00 4.311251314405888380e+00 3.473684210526315930e+00 4.512067156348373409e+00 5.082987551867219622e+00 5.175983436853002218e+00 6.204756980351603168e+00 5.771248688352570433e+00 4.235537190082644621e+00 4.947368421052631859e+00 4.835390946502057474e+00 4.658385093167701996e+00 3.746097814776274681e+00 3.295571575695159794e+00 2.579979360165118862e+00 1.954732510288065939e+00 1.533742331288343586e+00
6.673728813559321793e+00 4.439746300211416141e+00 5.857740585774058317e+00 5.654450261780104903e+00 5.696202531645569778e+00 5.235602094240837445e+00 5.931321540062435282e+00 4.668049792531120623e+00 5.503634475597092290e+00 4.916317991631799167e+00 4.826862539349423109e+00 5.136268343815513227e+00 4.916317991631799167e+00 4.569055036344756182e+00 4.583333333333333037e+00 5.104166666666666963e+00 3.921568627450980227e+00 3.822314049586776896e+00 2.263374485596707952e+00 1.938775510204081565e+00
6.327800829875518396e+00 5.077720207253886286e+00 4.041450777202072686e+00 6.309148264984226984e+00 4.811715481171548348e+00 3.907074973600844991e+00 5.968586387434554830e+00 4.483837330552659317e+00 5.093555093555093727e+00 5.077720207253886286e+00 5.042016806722688926e+00 4.741833508956796450e+00 6.113989637305699887e+00 5.279503105590062084e+00 5.584281282316442940e+00 4.663212435233160313e+00 3.719008264462809965e+00 4.123711340206185127e+00 3.416149068322981375e+00 2.752293577981651307e+00
5.368421052631578760e+00 4.682622268470343130e+00 4.721930745015740172e+00 5.306971904266388762e+00 5.368421052631578760e+00 4.953560371517028216e+00 6.197478991596638842e+00 4.756980351602895674e+00 5.368421052631578760e+00 5.295950155763240019e+00 7.210031347962382320e+00 5.031446540880502916e+00 4.687500000000000000e+00 7.596253902185223339e+00 5.943691345151199457e+00 5.093555093555093727e+00 3.954214360041623522e+00 3.508771929824561209e+00 3.172978505629477919e+00 3.711340206185567148e+00
4.636459430979979146e+00 5.219206680584551172e+00 4.994686503719447224e+00 4.379562043795620419e+00 5.462184873949579966e+00 6.342494714587737725e+00 5.759162303664921545e+00 5.543933054393305859e+00 6.282722513089005645e+00 5.753138075313807498e+00 4.931794333683106046e+00 5.323590814196242249e+00 5.962343096234310025e+00 5.383022774327121951e+00 4.831932773109243406e+00 5.821205821205821529e+00 4.747162022703818707e+00 4.410256410256410575e+00 2.772073921971252464e+00 3.873598369011213016e+00
5.285412262156448548e+00 4.707112970711296640e+00 5.229455709711846367e+00 4.578563995837669154e+00 5.738575982996811931e+00 5.702217529039070421e+00 5.479452054794520244e+00 5.329153605015673811e+00 6.867845993756503731e+00 5.306971904266388762e+00 5.357142857142856762e+00 4.791666666666666963e+00 6.092436974789915638e+00 4.668049792531120623e+00 5.130890052356020803e+00 6.004140786749482039e+00 4.948453608247422864e+00 4.205128205128205288e+00 3.080082135523614095e+00 3.873598369011213016e+00
5.496828752642706206e+00 5.175983436853002218e+00 5.032119914346894873e+00 4.786680541103017994e+00 5.632306057385759956e+00 5.894736842105262831e+00 5.257623554153522782e+00 4.911180773249738785e+00 6.694560669456066648e+00 5.219206680584551172e+00 5.642633228840125525e+00 4.648760330578512345e+00 5.987394957983193322e+00 4.766839378238342029e+00 5.246589716684154858e+00 5.648535564853556679e+00 5.046343975283213545e+00 3.806584362139917577e+00 3.176229508196721341e+00 3.564154786150712795e+00
5.672268907563025486e+00 4.870466321243523744e+00 6.038135593220339103e+00 5.197505197505197572e+00 5.263157894736842479e+00 5.813953488372092693e+00 5.257623554153522782e+00 5.839416058394160558e+00 6.827731092436974514e+00 4.821802935010482294e+00 5.026178010471204161e+00 4.668049792531120623e+00 5.827263267429760418e+00 4.682622268470343130e+00 4.402515723270440162e+00 6.400839454354669833e+00 5.349794238683127645e+00 4.226804123711340289e+00 3.929679420889348407e+00 4.077471967380223994e+00
5.157894736842105310e+00 4.564315352697095207e+00 5.620360551431601515e+00 4.911180773249738785e+00 5.783385909568874439e+00 6.567796610169491345e+00 5.456453305351521621e+00 5.735140771637121659e+00 6.882168925964545991e+00 5.340314136125654088e+00 5.759162303664921545e+00 4.175365344467641293e+00 6.918238993710692064e+00 4.938271604938271331e+00 4.602510460251045821e+00 6.427818756585879534e+00 4.974093264248704571e+00 4.213771839671120567e+00 3.092783505154639290e+00 3.763987792472024196e+00
5.368421052631578760e+00 4.663212435233160313e+00 6.144067796610169552e+00 5.010438413361169019e+00 5.345911949685534736e+00 6.044538706256627592e+00 5.379746835443038222e+00 5.329153605015673811e+00 6.360792492179353275e+00 5.422314911366005852e+00 5.561385099685204558e+00 4.347826086956521507e+00 6.066945606694560844e+00 4.442148760330578483e+00 4.602510460251045821e+00 6.471816283924843205e+00 4.752066115702479721e+00 4.605936540429887316e+00 3.275332650972364590e+00 3.669724770642202039e+00
5.900948366701791237e+00 4.984423676012460724e+00 5.207226354941551172e+00 5.312500000000000000e+00 5.439330543933054152e+00 6.269925611052072689e+00 5.690200210748155740e+00 5.845511482254697633e+00 6.465067778936392173e+00 5.405405405405405261e+00 5.362776025236593469e+00 4.890738813735691970e+00 6.701570680628272214e+00 4.752066115702479721e+00 4.811715481171548348e+00 5.956112852664577240e+00 4.948453608247422864e+00 3.623188405797101552e+00 2.883625128733264820e+00 3.963414634146341431e+00
5.057955742887250139e+00 4.361370716510903023e+00 5.520169851380042125e+00 5.439330543933054152e+00 5.307855626326963616e+00 5.913410770855332288e+00 5.620360551431601515e+00 5.783385909568874439e+00 6.777893639207507981e+00 5.224660397074190499e+00 6.054279749478078898e+00 4.687500000000000000e+00 7.052631578947368141e+00 5.056759545923632970e+00 4.507337526205450473e+00 5.937500000000000000e+00 5.263157894736842479e+00 3.586065573770491621e+00 2.980472764645426320e+00 3.873598369011213016e+00
5.362776025236593469e+00 4.963805584281282712e+00 5.414012738853503315e+00 5.399792315680166155e+00 6.012658227848101333e+00 6.786850477200424336e+00 5.690200210748155740e+00 5.345911949685534736e+00 7.419017763845349833e+00 4.451345755693581374e+00 5.334728033472803332e+00 4.766839378238342029e+00 5.642633228840125525e+00 4.432989690721649723e+00 4.791666666666666963e+00 5.839416058394160558e+00 5.263157894736842479e+00 3.699897225077081409e+00 3.189300411522633549e+00 3.455284552845528268e+00
5.807814149947201798e+00 5.312500000000000000e+00 5.218317358892439195e+00 5.109489051094890932e+00 5.789473684210526550e+00 6.118143459915612148e+00 5.807814149947201798e+00 5.654450261780104903e+00 7.120418848167539672e+00 4.984423676012460724e+00 5.340314136125654088e+00 4.766839378238342029e+00 5.578947368421052211e+00 5.268595041322313932e+00 4.479166666666666963e+00 5.943691345151199457e+00 5.154639175257732298e+00 3.608247422680412431e+00 2.865916069600818794e+00 3.673469387755102122e+00
4.811715481171548348e+00 4.672897196261682318e+00 5.090137857900318252e+00 4.979253112033195094e+00 6.190975865687303070e+00 5.993690851735015812e+00 5.052631578947368141e+00 5.439330543933054152e+00 7.090719499478623788e+00 4.895833333333333037e+00 5.642633228840125525e+00 4.761904761904761862e+00 5.625000000000000000e+00 4.658385093167701996e+00 4.826862539349423109e+00 5.549738219895288260e+00 5.149330587023686512e+00 3.921568627450980227e+00 2.877697841726618577e+00 3.564154786150712795e+00
4.942166140904311611e+00 5.561385099685204558e+00 4.550264550264550678e+00 4.201680672268907735e+00 4.268943436499466060e+00 5.680600214362272027e+00 4.631578947368421240e+00 4.862579281183932345e+00 4.857444561774022951e+00 4.366347177848775019e+00 4.641350210970464296e+00 5.596620908130939931e+00 5.702217529039070421e+00 6.765327695560253929e+00 3.594080338266384622e+00 6.617647058823528994e+00 5.555555555555555358e+00 4.653567735263702154e+00 4.192229038854805800e+00 4.503582395087001089e+00
4.175588865096360180e+00 4.550264550264550678e+00 5.555555555555555358e+00 4.228329809725158484e+00 4.621848739495797886e+00 4.741379310344827402e+00 4.909284951974385969e+00 5.336179295624332575e+00 4.736275565123788667e+00 4.900938477580813135e+00 5.876068376068376509e+00 4.021164021164021385e+00 6.236786469344608896e+00 5.795574288724973933e+00 3.466386554621848859e+00 5.329153605015673811e+00 4.963805584281282712e+00 3.941908713692946264e+00 4.815573770491803351e+00 3.794871794871794712e+00
4.823151125401929029e+00 3.801478352692713614e+00 4.545454545454545858e+00 4.430379746835442667e+00 5.010660980810234477e+00 4.357066950053135379e+00 5.263157894736842479e+00 4.621848739495797886e+00 3.936170212765957466e+00 4.371002132196162293e+00 4.680851063829787329e+00 4.741379310344827402e+00 6.230200633579725533e+00 3.441084462982272996e+00 4.665959703075291287e+00 4.702194357366771271e+00 5.473684210526315930e+00 3.684749232343909942e+00 4.320987654320987303e+00 3.182751540041067972e+00
4.180064308681672003e+00 3.987408184679957834e+00 4.246284501061571071e+00 4.468085106382978289e+00 4.075235109717868731e+00 5.229455709711846367e+00 3.540772532188841026e+00 4.148936170212765617e+00 3.898840885142254908e+00 5.179704016913318831e+00 5.047318611987381409e+00 5.246589716684154858e+00 6.111696522655426733e+00 5.756929637526652321e+00 4.171122994652406213e+00 4.626708727655099551e+00 4.578563995837669154e+00 3.519668737060041241e+00 4.325437693099897452e+00 3.877551020408163129e+00
3.075291622481442388e+00 3.773584905660377409e+00 2.962962962962962798e+00 3.351351351351351315e+00 2.981895633652821953e+00 3.829787234042553390e+00 4.731861198738170238e+00 4.540654699049630594e+00 4.641350210970464296e+00 4.685835995740148974e+00 4.741833508956796450e+00 3.191489361702127603e+00 3.927813163481953307e+00 3.308431163287086640e+00 5.036726128016788984e+00 3.578947368421052655e+00 4.365904365904365925e+00 4.320987654320987303e+00 4.132231404958677246e+00 3.172978505629477919e+00
4.535864978902953482e+00 3.280423280423280463e+00 2.857142857142857206e+00 4.288702928870292475e+00 2.774813233724652939e+00 3.578947368421052655e+00 2.659574468085106336e+00 2.470461868958109708e+00 3.755364806866952954e+00 3.890641430073606521e+00 3.108252947481243478e+00 2.966101694915254328e+00 3.862212943632568063e+00 2.916666666666666519e+00 4.569606801275239327e+00 3.695881731784582680e+00 4.402515723270440162e+00 4.145077720207253513e+00 5.107252298263534662e+00 4.285714285714285587e+00
3.805496828752642724e+00 3.415154749199573292e+00 2.884615384615384581e+00 3.065539112050740034e+00 2.742616033755274074e+00 3.191489361702127603e+00 3.315508021390374260e+00 3.357817418677859322e+00 2.215189873417721333e+00 4.487179487179487225e+00 3.492063492063492092e+00 2.452025586353944409e+00 3.510638297872340274e+00 2.224576271186440746e+00 3.854166666666666519e+00 5.168776371308016593e+00 5.462184873949579966e+00 5.383022774327121951e+00 3.278688524590164022e+00 4.708290685772773543e+00
2.561366061899679636e+00 2.318229715489989573e+00 2.685284640171858417e+00 2.884615384615384581e+00 3.036649214659685736e+00 2.848101265822784889e+00 2.433862433862433949e+00 2.347918890074706333e+00 2.620545073375262213e+00 3.361344537815126099e+00 3.290870488322717780e+00 2.628811777076761391e+00 3.571428571428571619e+00 3.488372093023255793e+00 3.620873269435569863e+00 3.336809176225234541e+00 3.854166666666666519e+00 2.862985685071574693e+00 4.432989690721649723e+00 3.494347379239465479e+00
